[gd_scene load_steps=19 format=3 uid="uid://dadv5ds3fo37h"]

[ext_resource type="PackedScene" uid="uid://caf5bpetmv4kt" path="res://characters/enemies/monster.tscn" id="1_aom07"]
[ext_resource type="PackedScene" uid="uid://ba0s55d7c0gvk" path="res://weapons/bullet_emitters/area_damage_emitter.tscn" id="2_617al"]
[ext_resource type="PackedScene" uid="uid://bxfqyub4ko0r7" path="res://characters/hit_box.tscn" id="4_xbakg"]
[ext_resource type="PackedScene" uid="uid://c01uk7gdet860" path="res://characters/enemies/skeleton_monster/SKELET.blend" id="5_in3b3"]

[sub_resource type="BoxShape3D" id="BoxShape3D_in3b3"]
size = Vector3(23.481873, 10.21582, 13.092773)

[sub_resource type="BoxShape3D" id="BoxShape3D_snyus"]
size = Vector3(5.661255, 1.828476, 4.5341797)

[sub_resource type="BoxShape3D" id="BoxShape3D_e3ve5"]
size = Vector3(11.522461, 2.0939941, 1.7592773)

[sub_resource type="BoxShape3D" id="BoxShape3D_s0e6x"]
size = Vector3(11.59259, 2.0939941, 2.3243408)

[sub_resource type="BoxShape3D" id="BoxShape3D_w0m7i"]
size = Vector3(5.661255, 1.828476, 3.3988953)

[sub_resource type="BoxShape3D" id="BoxShape3D_x7qvs"]
size = Vector3(11.711426, 2.0939941, 1.7592773)

[sub_resource type="BoxShape3D" id="BoxShape3D_m3v6b"]
size = Vector3(10.274933, 2.0939941, 2.3243408)

[sub_resource type="BoxShape3D" id="BoxShape3D_47mp4"]
size = Vector3(13.77533, 2.9863281, 2.6799622)

[sub_resource type="BoxShape3D" id="BoxShape3D_kychi"]
size = Vector3(19.237167, 2.9863281, 2.6799622)

[sub_resource type="BoxShape3D" id="BoxShape3D_3r3nb"]
size = Vector3(10.091518, 2.9863281, 3.3272858)

[sub_resource type="BoxShape3D" id="BoxShape3D_3ej42"]
size = Vector3(13.77533, 2.9863281, 2.6799622)

[sub_resource type="BoxShape3D" id="BoxShape3D_vchrh"]
size = Vector3(19.237167, 2.9863281, 2.6799622)

[sub_resource type="BoxShape3D" id="BoxShape3D_j8b1s"]
size = Vector3(10.831901, 4.6713867, 3.3272858)

[sub_resource type="BoxShape3D" id="BoxShape3D_ggi6y"]
size = Vector3(13.307098, 11.786133, 7.6623535)

[node name="skelet_monster" node_paths=PackedStringArray("animation_player") instance=ExtResource("1_aom07")]
animation_player = NodePath("Graphics/SKELET/AnimationPlayer")
attack_range = 1.5

[node name="AttackEmitter" parent="." index="3"]
transform = Transform3D(1, 0, 0, 0, 1, 0, 0, 0, 1, 0, 1, -0.780072)

[node name="AreaDamageEmitter" parent="AttackEmitter" index="0" instance=ExtResource("2_617al")]
attack_radius = 0.86

[node name="SKELET" parent="Graphics" index="0" instance=ExtResource("5_in3b3")]
transform = Transform3D(-0.025, 0, -2.1855695e-09, 0, 0.025, 0, 2.1855695e-09, 0, -0.025, 0, 0, 0)

[node name="Skeleton3D" parent="Graphics/SKELET" index="0"]
bones/1/position = Vector3(-0.9986369, 38.559, 2.0753164)
bones/1/rotation = Quaternion(0.35434797, 0.6264733, 0.5689811, -0.39778045)
bones/4/rotation = Quaternion(-1.3244725e-07, 0.000104878614, 2.4521218e-05, 1)
bones/7/rotation = Quaternion(-1.1512126e-06, 0.0001236047, -0.009714454, 0.99995285)
bones/8/rotation = Quaternion(3.3214823e-07, -8.531988e-07, 0.10069183, 0.99491775)
bones/10/position = Vector3(2.7404897e-07, 0.23370022, 5.9401277e-06)
bones/11/rotation = Quaternion(0.6838525, 0.0063705463, 0.7295608, -0.006799437)
bones/12/rotation = Quaternion(0.012910856, -0.032314934, 0.0007391486, 0.99939406)
bones/13/rotation = Quaternion(-9.3310064e-07, 8.451562e-09, -4.443636e-06, 1)
bones/14/rotation = Quaternion(-0.70292836, 0.09565414, 0.099650696, 0.697719)
bones/15/rotation = Quaternion(0.68026215, 0.31664336, 0.056359235, 0.65863806)
bones/17/rotation = Quaternion(-0.00039671356, 4.2284955e-05, 0.09584302, 0.9953964)
bones/19/position = Vector3(-5.957935e-06, 0.23369601, 4.470347e-08)
bones/20/rotation = Quaternion(-0.6838531, -0.0063688103, 0.7295603, -0.006793746)
bones/21/position = Vector3(6.173809, -1.3412727, -0.10544238)
bones/21/rotation = Quaternion(-0.0129202595, 0.03232303, 9.4554685e-05, 0.99939406)
bones/22/rotation = Quaternion(1.015351e-06, -1.2218543e-08, -3.8381712e-10, 1)
bones/23/position = Vector3(11.732619, 1.533698, -0.2775305)
bones/23/rotation = Quaternion(0.702928, -0.09565711, 0.09964768, 0.6977194)
bones/24/position = Vector3(0.7286977, 0.02339914, 1.0082996)
bones/24/rotation = Quaternion(-0.6802635, -0.3166429, 0.0563575, 0.65863705)
bones/27/rotation = Quaternion(0.00039674234, -4.189876e-05, 0.09584201, 0.9953965)
bones/32/rotation = Quaternion(0.022345899, 0.9997308, -0.0062108766, -0.00072411506)
bones/33/rotation = Quaternion(-0.006628595, -0.00053724035, -0.08101214, 0.9966909)
bones/34/rotation = Quaternion(0.0006933025, -0.0044035804, 0.058715258, 0.9982648)
bones/35/rotation = Quaternion(0.0031323032, 0.0031333421, 0.7070991, 0.7071006)
bones/37/rotation = Quaternion(0.022555206, 0.99974555, -0.00043469254, -0.00025874734)
bones/38/rotation = Quaternion(-2.6500586e-06, 1.0027104e-05, -0.08116623, 0.9967006)
bones/39/rotation = Quaternion(-0.000498771, 0.001203563, 0.058660362, 0.9982771)
bones/40/rotation = Quaternion(0.3108188, -0.23693728, 0.7335335, -0.55604047)

[node name="defuse" parent="Graphics/SKELET/Skeleton3D" index="0"]
visible = false

[node name="spine" type="BoneAttachment3D" parent="Graphics/SKELET/Skeleton3D" index="2"]
transform = Transform3D(-0.057227332, -0.0019178385, 0.99835926, 0.9980138, 0.026272018, 0.057257917, -0.026338903, 0.99965304, 0.0004104072, -1.0288967, 39.073666, 0.4961033)
bone_name = "Bip01 Spine"
bone_idx = 3

[node name="HitBox" parent="Graphics/SKELET/Skeleton3D/spine" index="0" instance=ExtResource("4_xbakg")]

[node name="CollisionShape3D" parent="Graphics/SKELET/Skeleton3D/spine/HitBox" index="0"]
transform = Transform3D(0.99975157, 1.06636435e-07, -4.2257398e-10, -1.4074612e-07, 0.99983436, -1.0477379e-09, 4.2240345e-09, 6.5076165e-08, 0.9997516, 4.9064255, 2.9841356, 0.5217228)
shape = SubResource("BoxShape3D_in3b3")

[node name="left_hand" type="BoneAttachment3D" parent="Graphics/SKELET/Skeleton3D" index="3"]
transform = Transform3D(0.9759003, -0.21812224, -0.0063879266, -0.21817014, -0.9758772, -0.00809341, -0.004468577, 0.009292323, -0.99994653, 28.228949, 56.471767, 1.285104)
bone_name = "Bip01 L Hand"
bone_idx = 14

[node name="HitBox" parent="Graphics/SKELET/Skeleton3D/left_hand" index="0" instance=ExtResource("4_xbakg")]

[node name="CollisionShape3D" parent="Graphics/SKELET/Skeleton3D/left_hand/HitBox" index="0"]
transform = Transform3D(0.88277566, 0.46974802, -0.006677123, -0.46970126, 0.88279396, 0.0075259265, 0.009429807, -0.0035074744, 0.9999494, 2.1382103, -0.8029175, -0.667928)
shape = SubResource("BoxShape3D_snyus")

[node name="left_upperarm" type="BoneAttachment3D" parent="Graphics/SKELET/Skeleton3D" index="4"]
transform = Transform3D(0.99836576, -0.00016487589, -0.05714309, 0.057142798, -0.0012087692, 0.99836534, -0.00023382436, -0.99999905, -0.0011975765, 6.144399, 55.566723, 0.06771155)
bone_name = "Bip01 L UpperArm"
bone_idx = 12

[node name="HitBox" parent="Graphics/SKELET/Skeleton3D/left_upperarm" index="0" instance=ExtResource("4_xbakg")]

[node name="CollisionShape3D" parent="Graphics/SKELET/Skeleton3D/left_upperarm/HitBox" index="0"]
transform = Transform3D(1, -1.1368684e-13, -5.107026e-14, -2.4726887e-12, 0.9999998, 0, 8.995471e-12, 7.450581e-09, 1, 4.407713, -1.9083583, -0.3325386)
shape = SubResource("BoxShape3D_e3ve5")

[node name="left_forearm" type="BoneAttachment3D" parent="Graphics/SKELET/Skeleton3D" index="5"]
transform = Transform3D(0.99836576, -0.0001558965, -0.057143074, 0.05714279, -0.0012101245, 0.99836534, -0.00022493709, -0.99999905, -0.0011994428, 15.977695, 55.242416, 1.7926286)
bone_name = "Bip01 L Forearm"
bone_idx = 13

[node name="HitBox" parent="Graphics/SKELET/Skeleton3D/left_forearm" index="0" instance=ExtResource("4_xbakg")]

[node name="CollisionShape3D" parent="Graphics/SKELET/Skeleton3D/left_forearm/HitBox" index="0"]
transform = Transform3D(0.9997322, 0.0006066275, 0.023133015, -0.00060663454, 0.99997765, -6.467104e-06, -0.023133038, -6.683171e-06, 0.99973226, 6.2742023, -0.43766302, 0.16184998)
shape = SubResource("BoxShape3D_s0e6x")

[node name="right_hand" type="BoneAttachment3D" parent="Graphics/SKELET/Skeleton3D" index="6"]
transform = Transform3D(-0.9446362, 0.32804862, -0.0068052933, -0.32809478, -0.9446163, 0.0073721954, -0.0040097935, 0.009196976, 0.9999501, -31.62039, 53.40491, 0.06609976)
bone_name = "Bip01 R Hand"
bone_idx = 23

[node name="HitBox" parent="Graphics/SKELET/Skeleton3D/right_hand" index="0" instance=ExtResource("4_xbakg")]

[node name="CollisionShape3D" parent="Graphics/SKELET/Skeleton3D/right_hand/HitBox" index="0"]
transform = Transform3D(0.8827781, 0.46974024, -0.006677148, -0.46968916, 0.88277036, 0.007525321, 0.0094296895, -0.003507411, 0.9999283, 2.2045956, -0.48542404, 2.0447073)
shape = SubResource("BoxShape3D_w0m7i")

[node name="right_upperarm" type="BoneAttachment3D" parent="Graphics/SKELET/Skeleton3D" index="7"]
transform = Transform3D(-0.998366, -0.00016302173, 0.057143062, -0.057142913, -0.0012422968, -0.9983654, 0.00023389515, -0.9999997, 0.0012311172, -9.843429, 54.806705, 1.3986995)
bone_name = "Bip01 R UpperArm"
bone_idx = 21

[node name="HitBox" parent="Graphics/SKELET/Skeleton3D/right_upperarm" index="0" instance=ExtResource("4_xbakg")]

[node name="CollisionShape3D" parent="Graphics/SKELET/Skeleton3D/right_upperarm/HitBox" index="0"]
transform = Transform3D(1, -1.1368684e-13, -5.551115e-14, -2.3874236e-12, 1, 0, 9.360512e-12, -5.5879354e-08, 1, 4.3132305, -1.9083587, -0.3325386)
shape = SubResource("BoxShape3D_x7qvs")

[node name="right_forearm" type="BoneAttachment3D" parent="Graphics/SKELET/Skeleton3D" index="8"]
transform = Transform3D(-0.998366, -0.00016290645, 0.05714309, -0.05714294, -0.001244324, -0.9983654, 0.00023389595, -0.99999964, 0.0012331479, -19.890833, 53.80018, 1.5973952)
bone_name = "Bip01 R Forearm"
bone_idx = 22

[node name="HitBox" parent="Graphics/SKELET/Skeleton3D/right_forearm" index="0" instance=ExtResource("4_xbakg")]

[node name="CollisionShape3D" parent="Graphics/SKELET/Skeleton3D/right_forearm/HitBox" index="0"]
transform = Transform3D(0.99973226, 0.00060662755, 0.023133019, -0.0006066393, 0.9999829, -6.2584877e-06, -0.023133041, -6.76699e-06, 0.9997323, 5.615549, -0.3300258, 0.17989731)
shape = SubResource("BoxShape3D_m3v6b")

[node name="left_thight" type="BoneAttachment3D" parent="Graphics/SKELET/Skeleton3D" index="9"]
transform = Transform3D(0.05757481, -0.016911335, -0.998198, -0.9957619, 0.07085533, -0.058634654, 0.07171945, 0.9973429, -0.012760045, 2.8822942, 37.634296, 1.1723512)
bone_name = "Bip01 L Thigh"
bone_idx = 32

[node name="HitBox" parent="Graphics/SKELET/Skeleton3D/left_thight" index="0" instance=ExtResource("4_xbakg")]

[node name="CollisionShape3D" parent="Graphics/SKELET/Skeleton3D/left_thight/HitBox" index="0"]
transform = Transform3D(0.98746943, 0.001402393, 0.15778214, 0.0027797073, 0.99959236, -0.026288759, -0.15776373, 0.02639761, 0.98712385, 9.04599, 0.98943615, -1.3198614)
shape = SubResource("BoxShape3D_47mp4")

[node name="left_calve" type="BoneAttachment3D" parent="Graphics/SKELET/Skeleton3D" index="10"]
transform = Transform3D(0.057408854, 0.005712808, -0.9983344, -0.9942584, -0.09012211, -0.057690118, -0.09030126, 0.99591416, 0.00050632935, 6.7556653, 21.505192, 0.7116941)
bone_name = "Bip01 L Calf"
bone_idx = 33

[node name="HitBox" parent="Graphics/SKELET/Skeleton3D/left_calve" index="0" instance=ExtResource("4_xbakg")]

[node name="CollisionShape3D" parent="Graphics/SKELET/Skeleton3D/left_calve/HitBox" index="0"]
transform = Transform3D(0.9923546, -0.044320785, 0.11496697, 0.04721805, 0.99857044, -0.022616504, -0.11381115, 0.027872296, 0.99311435, 9.296485, 2.1622462, -0.5693755)
shape = SubResource("BoxShape3D_kychi")

[node name="left_foot" type="BoneAttachment3D" parent="Graphics/SKELET/Skeleton3D" index="11"]
transform = Transform3D(0.048821945, -0.0019224307, -0.99880564, -0.9984406, 0.027009094, -0.04885602, 0.027071059, 0.9996331, -0.0006006701, 9.877163, 1.6929779, -0.4089719)
bone_name = "Bip01 L Foot"
bone_idx = 34

[node name="HitBox" parent="Graphics/SKELET/Skeleton3D/left_foot" index="0" instance=ExtResource("4_xbakg")]

[node name="CollisionShape3D" parent="Graphics/SKELET/Skeleton3D/left_foot/HitBox" index="0"]
transform = Transform3D(0.16862467, -0.98556215, 0.006614622, 0.985576, 0.16867682, 0.009698792, -0.010682492, 0.00488465, 0.99993306, 0.52418745, 4.678847, 0.55150414)
shape = SubResource("BoxShape3D_3r3nb")

[node name="right_thight" type="BoneAttachment3D" parent="Graphics/SKELET/Skeleton3D" index="12"]
transform = Transform3D(0.056901548, -0.005384262, -0.998365, -0.99577075, 0.0719387, -0.057141583, 0.072128914, 0.99739486, -0.0012679232, -4.53806, 37.054134, -0.16826676)
bone_name = "Bip01 R Thigh"
bone_idx = 37

[node name="HitBox" parent="Graphics/SKELET/Skeleton3D/right_thight" index="0" instance=ExtResource("4_xbakg")]

[node name="CollisionShape3D" parent="Graphics/SKELET/Skeleton3D/right_thight/HitBox" index="0"]
transform = Transform3D(0.98797697, 0.07941527, -0.13261388, -0.07999882, 0.9967366, 0.0009724507, 0.13226533, 0.009648437, 0.9911673, 8.936708, 1.5961208, 1.3481863)
shape = SubResource("BoxShape3D_3ej42")

[node name="right_calve" type="BoneAttachment3D" parent="Graphics/SKELET/Skeleton3D" index="13"]
transform = Transform3D(0.0570425, 0.0039000714, -0.99836385, -0.9942889, -0.090121344, -0.05716165, -0.09019677, 0.99592364, -0.0012628051, -6.089587, 20.558361, 1.19714)
bone_name = "Bip01 R Calf"
bone_idx = 38

[node name="HitBox" parent="Graphics/SKELET/Skeleton3D/right_calve" index="0" instance=ExtResource("4_xbakg")]

[node name="CollisionShape3D" parent="Graphics/SKELET/Skeleton3D/right_calve/HitBox" index="0"]
transform = Transform3D(0.990467, -0.052678626, -0.12709235, 0.047355186, 0.9978261, -0.044541657, 0.12915897, 0.038097516, 0.9908929, 9.2734785, 1.563104, 0.7754259)
shape = SubResource("BoxShape3D_vchrh")

[node name="right_foot" type="BoneAttachment3D" parent="Graphics/SKELET/Skeleton3D" index="14"]
transform = Transform3D(0.05956399, -0.0019543543, -0.9982224, -0.99785733, 0.026998682, -0.059595007, 0.027067328, 0.9996341, -0.00034187234, -6.1458154, 0.22017288, -0.928123)
bone_name = "Bip01 R Foot"
bone_idx = 39

[node name="HitBox" parent="Graphics/SKELET/Skeleton3D/right_foot" index="0" instance=ExtResource("4_xbakg")]

[node name="CollisionShape3D" parent="Graphics/SKELET/Skeleton3D/right_foot/HitBox" index="0"]
transform = Transform3D(0.16862147, -0.9855405, 0.0066137696, 0.9855793, 0.16867691, 0.009698819, -0.010682316, 0.004884657, 0.99992377, 1.4634745, 4.9000583, -0.23590565)
shape = SubResource("BoxShape3D_j8b1s")

[node name="head" type="BoneAttachment3D" parent="Graphics/SKELET/Skeleton3D" index="15"]
transform = Transform3D(-0.056528784, 0.00847592, 0.9983649, 0.98623246, -0.15517291, 0.05715913, 0.1554035, 0.9878511, 0.00041236434, -1.9975811, 60.06405, 0.33856982)
bone_name = "Bip01 Head"
bone_idx = 8

[node name="HitBox" parent="Graphics/SKELET/Skeleton3D/head" index="0" instance=ExtResource("4_xbakg")]
weak_spot = true

[node name="CollisionShape3D" parent="Graphics/SKELET/Skeleton3D/head/HitBox" index="0"]
transform = Transform3D(0.99999875, 2.7567148e-06, 2.7939677e-09, 5.9604645e-08, 0.9999367, 0, -7.543713e-08, -4.172325e-07, 0.9999998, 4.196926, 2.3774037, -0.32458735)
shape = SubResource("BoxShape3D_ggi6y")

[editable path="Graphics/SKELET"]
[editable path="Graphics/SKELET/Skeleton3D/spine/HitBox"]
[editable path="Graphics/SKELET/Skeleton3D/left_hand/HitBox"]
[editable path="Graphics/SKELET/Skeleton3D/left_upperarm/HitBox"]
[editable path="Graphics/SKELET/Skeleton3D/left_forearm/HitBox"]
[editable path="Graphics/SKELET/Skeleton3D/right_hand/HitBox"]
[editable path="Graphics/SKELET/Skeleton3D/right_upperarm/HitBox"]
[editable path="Graphics/SKELET/Skeleton3D/right_forearm/HitBox"]
[editable path="Graphics/SKELET/Skeleton3D/left_thight/HitBox"]
[editable path="Graphics/SKELET/Skeleton3D/left_calve/HitBox"]
[editable path="Graphics/SKELET/Skeleton3D/left_foot/HitBox"]
[editable path="Graphics/SKELET/Skeleton3D/right_thight/HitBox"]
[editable path="Graphics/SKELET/Skeleton3D/right_calve/HitBox"]
[editable path="Graphics/SKELET/Skeleton3D/right_foot/HitBox"]
[editable path="Graphics/SKELET/Skeleton3D/head/HitBox"]
